-0.0455308
-0.0411875
-0.0369457
-0.0328003
-0.028746
-0.0247778
-0.0208906
-0.0170794
-0.0133393
-0.00966533
-0.00605272
-0.00249667
0.00100754
0.00446459
0.0078791
0.0112556
0.0145987
0.0179128
0.0212022
0.0244714
0.0277247
0.0309662
0.0342002
0.0374308
0.0406621
0.0438982
0.0471428
0.0504001
0.0536739
0.0569679
0.060286
0.0636317
0.0670089
0.070421
0.0738717
0.0773643
0.0809024
0.0844892
0.0881282
0.0918226
0.0955756
0.0993904
0.10327
0.107218
0.111236
0.115329
0.119498
0.123747
0.128078
0.132494
0.136998
0.141593
0.146281
0.151064
0.155945
0.160926
0.16601
0.171199
0.176496
0.181902
0.187419
0.19305
0.198797
0.204662
0.210646
0.216751
0.22298
0.229334
0.235815
0.242424
0.249163
0.256033
0.263037
0.270175
0.277449
0.28486
0.292409
0.300098
0.307928
0.315899
0.324014
0.332273
0.340676
0.349226
0.357922
0.366765
0.375757
0.384898
0.394188
0.403628
0.413219
0.42296
0.432853
0.442898
0.453095
0.463444
0.473946
0.484601
0.495408
0.506368
0.517481
0.528746
0.540164
0.551735
0.563457
0.575332
0.587358
0.599534
0.611862
0.62434
0.636967
0.649743
0.662667
0.675739
0.688958
0.702323
0.715832
0.729486
0.743283
0.757222
0.771301
0.785521
0.799879
0.814375
0.829006
0.843772
0.858672
0.873703
0.888864
0.904154
0.91957
0.935112
0.950778
0.966565
0.982472
0.998497
1.01464
1.03089
1.04726
1.06374
1.08032
1.09701
1.1138
1.13069
1.14768
1.16477
1.18195
1.19922
1.21658
1.23403
1.25155
1.26916
1.28685
1.3046
1.32243
1.34033
1.3583
1.37632
1.39441
1.41255
1.43074
1.44898
1.46727
1.4856
1.50397
1.52237
1.54081
1.55928
1.57777
1.59628
1.6148
1.63334
1.65189
1.67045
1.689
1.70756
1.7261
1.74464
